-5.365577e-01
-1.297452e-01
-7.745753e-01
3.883667e-01
-1.537689e+00
1.022580e-01
4.730781e-01
-6.002129e-01
-4.036881e-02
-3.986919e-01
2.167347e-01
9.213262e-01
-1.038029e+00
5.028499e-01
4.296739e-01
8.595903e-01
1.197349e+00
-4.029823e-02
-4.429987e-01
-1.364914e+00
-7.732225e-01
-2.018520e+00
-5.884381e-01
6.234522e-01
-3.889683e-01
3.744007e-01
3.999708e-01
-2.385279e-01
3.103359e-01
6.187512e-02
5.298986e-01
2.306921e+00
-4.337789e-01
-9.163660e-01
-6.062405e-01
-6.531479e-01
-4.693860e-01
3.670785e-01
1.998035e-01
7.973091e-01
1.632383e-01
9.882000e-01
1.097719e+00
1.048210e+00
-9.005666e-01
-1.246401e+00
2.923935e-01
-1.705704e+00
-6.473459e+00
-1.284232e+00
2.652221e+00
-5.837598e-02
-3.430811e-01
-2.461957e-01
-3.011625e-01
-3.978996e-01
-4.224255e-01
-1.370020e+00
2.537928e-01
-1.344348e+00
-7.711160e-01
4.291717e-01
-2.350667e-01
-4.997004e-01
5.721112e-01
-7.286384e-01
8.202968e-01
-6.484073e-01
2.527051e-01
4.886484e-01
3.052750e-01
-7.436338e-01
-3.307969e-01
-5.960842e-01
-7.866708e-01
-7.870112e-01
-1.446426e-01
2.815219e+00
2.071528e-02
6.200742e-01
4.923317e-01
-6.908276e-01
3.407996e-01
2.845730e-01
-7.112980e-01
-1.442315e-01
1.833663e+00
4.194673e-01
8.940399e-02
5.755475e-02
-3.625322e-01
3.770317e-01
-8.863131e-01
-5.446777e-01
2.811691e-01
-4.047752e-01
1.434568e+00
7.207147e-01
3.011904e+00
-4.465447e-01
-1.907211e+00
-1.624959e+00
2.518978e+00
5.082279e-01
-5.200576e-02
-2.187117e-03
-2.287448e-01
-1.539862e+00
-8.077161e-01
-3.270992e-01
7.283169e-01
2.381883e-01
-5.124164e-01
2.919714e-01
-8.519138e-01
-8.207046e-01
9.655364e-01
3.893867e-01
4.916950e-01
8.859535e-01
5.217783e-01
7.149362e-01
8.316972e-01
4.917431e-01
-1.002426e-01
1.201634e+00
-2.572300e-01
-1.358741e-01
1.483749e+01
-1.760031e+00
1.406323e+00
1.030904e+00
6.171372e-01
8.453464e-01
6.372819e-01
6.104979e-02
-1.002154e+00
2.046995e-01
-4.642737e-01
6.284137e-03
1.724706e-01
-9.499978e-03
1.142744e+00
1.302985e+00
2.485087e-01
6.556600e-02
9.794388e-01
1.909882e-01
-9.015902e-01
2.060864e-01
8.470839e-01
-5.594232e-01
4.844755e-01
-8.035899e-01
7.110958e-01
-5.881974e-01
-6.302586e-01
-2.486041e-01
-2.347096e-02
-2.533139e+00
-3.741096e-01
-1.451923e+00
-9.831760e-01
-8.195347e-01
-5.304633e-01
-3.215066e-01
-1.382169e+00
-3.083407e-01
-1.179643e+00
1.136158e-01
-5.100707e-01
2.118049e-01
1.462787e+00
-2.403178e+00
4.902538e-01
-7.962696e-01
4.316684e-01
-1.888162e+00
-7.490600e-01
6.873704e-01
-1.826580e+00
-1.399701e+00
-2.507671e+00
-9.515566e-01
1.444650e+00
-1.149939e+00
-8.711147e-01
-5.773674e-01
-8.868747e-01
6.735396e-01
-2.860167e-01
-7.972265e-01
2.242885e-01
1.076414e-01
3.424534e-02
-6.349704e-01
1.138543e+00
2.519026e-02
1.437209e+00
3.773554e-01
1.176695e+00
-3.707612e-01
-5.284583e-01
-6.587592e-01
-7.833563e-01
-7.932706e-01
7.193770e-01
5.210401e-02
8.901309e-01
1.035810e+00
-1.723435e+00
5.213325e-01
-4.268357e-01
6.633811e-01
5.752742e-01
1.405864e+00
-4.054330e-01
4.272702e-01
-6.123438e-01
-5.633984e-01
4.547173e-02
3.691529e-01
5.365565e-01
-1.947345e-01
1.202964e+00
6.528012e-01
8.839968e-01
2.945233e-01
4.515528e-01
6.633073e-01
-1.764193e-01
-8.885046e-01
-1.559151e+00
-2.971883e-01
-2.937662e+00
1.129537e+00
1.116749e-01
-1.423109e+00
-4.024646e-01
1.692601e+00
4.968188e-01
4.878809e-01
7.107233e-01
-1.093382e-01
8.751506e-01
2.741260e-01
-3.392586e-01
-4.544268e-01
-2.870707e-01
1.620097e-01
-1.095584e+00
5.425230e-01
-2.467295e+00
-8.570170e-01
1.167279e+00
-1.723932e+00
2.113800e+00
-1.615492e+00
7.308925e-01
-1.466860e+00
-1.305491e+00
-5.026784e-02
2.147534e-01
8.380861e-01
6.936602e-02
-4.145250e-01
-9.462572e-01
2.779378e-01
-8.249778e-01
-9.590843e-02
2.683813e-04
-1.601316e-01
-1.010872e+00
-1.664674e+00
1.281708e+00
1.707253e+00
-1.684454e-01
-1.267292e+00
4.281132e-01
-9.050592e-01
-6.296828e-01
6.499454e-02
-1.222676e+00
-1.139898e+00
6.900098e-01
-1.644607e-01
5.494815e-01
7.002180e-01
-1.677983e+01
1.633415e+00
-1.467609e+00
2.195165e-01
-3.501481e-01
4.410949e-02
-4.783648e-01
8.496150e-01
1.689047e-01
4.899918e-01
-1.069289e+00
-6.959702e-01
5.268044e-01
3.808994e-01
3.149965e-01
9.422732e-01
1.170875e+00
-1.392187e-01
-1.216842e+00
-5.489797e-01
5.965550e-01
1.457477e+00
2.739085e-01
3.204320e-02
2.794953e-01
-4.787735e-01
3.915325e-02
6.515856e-01
-1.077098e+00
1.909311e-01
1.739286e+00
9.801909e-01
1.462009e+00
-1.029580e+00
-1.490092e-01
1.735462e+00
4.692269e-01
-1.673074e+00
-2.218886e-01
2.736062e-01
9.130954e-02
4.735881e-01
-2.004386e-01
5.577708e-02
-9.085778e-01
-3.731365e+00
1.232651e+00
-3.915142e+00
9.852200e-01
7.895647e-01
-1.359675e+00
-3.140690e+00
3.063394e-01
-3.559976e-01
-2.490170e+00
-2.449982e-01
-3.468164e-01
-1.200736e+00
7.162002e-01
-1.438128e+00
2.930236e-01
-9.707228e-01
-4.764687e-01
5.951439e-01
-3.858275e-01
5.257162e-01
1.286863e+00
3.983673e-01
-3.917365e-01
7.022959e-01
1.376636e-01
5.854817e-01
-1.458463e+00
1.007303e+00
-1.262414e+00
-7.202443e-01
1.454122e+00
2.042224e-01
1.332407e-01
-6.002261e-01
5.064224e+00
-3.363560e+00
2.196988e+00
-6.540010e-01
-6.416108e-01
-3.559861e-02
-1.418303e+00
-8.678960e-01
1.309022e+00
2.941142e-02
-1.378594e+00
-1.862902e+00
1.335350e-03
-2.811313e-01
2.245282e-01
-2.733167e-01
-4.121544e-01
-2.531883e-01
-1.237804e+00
-1.052347e+00
-9.840278e-01
-1.287001e+00
3.496938e-01
-2.716885e-01
2.101940e-01
-7.538599e-01
-1.827619e+00
1.773168e+00
-1.637182e+00
-1.990457e+00
4.262511e-01
-2.182395e+00
-5.268786e-01
-2.211681e+00
1.584572e+00
1.988077e-01
-4.280917e-01
-9.661340e-01
-1.828876e-01
5.924076e-01
1.625050e+00
-1.731576e+00
6.783333e-01
1.075052e+00
1.877002e-01
-8.134245e-01
1.515072e+00
3.413642e+00
-2.958501e-02
1.764897e+00
-2.221250e+00
1.150140e-01
3.952309e-01
1.258736e+00
1.953422e-01
4.511842e-01
-3.432685e-01
-3.944730e-01
1.754654e-01
1.084486e-01
2.013896e-01
-8.388829e-01
1.320078e-01
4.419418e-01
4.953804e-01
1.879112e-02
9.875618e-02
8.358509e-01
-1.383547e-01
5.873158e-01
-9.991492e-01
8.012484e-02
-9.055607e-01
4.357029e-01
4.004624e-01
1.032913e+00
1.053973e+00
5.408046e-01
-8.500613e-01
3.045417e-02
1.775542e+01
2.470604e-01
1.075515e+00
-8.473657e-01
6.729428e-01
-6.672824e-01
-1.127571e+00
-1.077581e+00
6.577399e-01
-1.234096e+00
-5.143309e-01
-4.346962e-01
1.141554e+00
-6.235122e-01
6.175446e-01
-1.235851e+00
8.693129e-01
-5.301607e-01
8.119384e-01
-1.228768e+00
1.007288e-01
6.681186e-01
-3.230829e-01
-4.531917e-01
2.120827e-01
-4.532487e-01
2.212983e+00
9.622301e-01
-6.163391e-01
-5.448009e-01
5.000526e-01
2.172700e+00
-1.377286e+00
1.422636e+00
1.645264e+00
-3.429042e-01
-5.811213e-01
2.859342e-02
9.389835e-01
-1.089606e+00
9.837463e-02
2.075673e-01
7.315549e-01
4.131187e-01
2.531161e+00
1.133391e-01
1.692305e-01
-7.790717e-02
-1.381551e+00
9.224200e-01
7.206937e-01
-1.586203e+00
1.715536e-01
1.671494e+00
5.097077e+00
9.961189e-02
-1.284632e+00
2.087845e+00
-2.651475e-01
-6.238895e-01
1.263079e+00
9.956987e-01
3.356795e-01
-4.500826e-01
-6.221300e-01
-1.130380e+00
-9.536968e-01
-1.324409e+00
1.125628e+00
-1.872318e-01
1.281995e+00
1.122593e+00
7.769398e-01
-1.477949e-01
1.447887e+00
-1.457610e+00
-1.351327e-01
-4.737277e-01
-3.275322e-01
-3.470881e-01
-1.269422e+01
4.066045e-01
-2.236214e+00
9.828785e-01
3.662167e-01
3.469441e-01
-6.528943e-02
3.131175e-01
-2.469413e+00
4.774946e-01
1.965211e+00
8.204782e-01
7.023981e-02
2.764107e-02
7.648287e-01
3.020348e-01
-4.932249e-01
-3.418651e-01
3.670053e-01
4.899858e-02
-4.922043e-03
1.192854e+00
1.420998e+00
-1.521722e+00
-1.349193e-01
-7.647791e-01
1.570889e+00
8.911377e-01
-2.772839e+00
3.464198e+00
-1.990808e+00
2.920429e+00
2.332400e-01
5.108297e-01
2.127862e+00
2.283078e+00
5.832713e-01
-8.474750e-01
-7.801209e-01
-1.060988e+00
-9.244999e-01
-3.845603e-01
1.034817e+00
2.392808e+00
-1.452260e+00
-1.194109e+00
2.741817e+00
1.948872e+00
-1.647322e+00
-2.685249e+00
7.221621e-01
-1.102223e+00
-3.444939e+00
-1.065690e+00
-1.421682e-01
-3.258043e-01
7.953330e-01
2.059197e-01
-1.834220e-01
1.400631e+00
-9.224419e-02
4.850273e-01
-5.198153e-01
-5.148672e-01
-1.153037e+00
-5.356045e-02
7.676813e-01
-5.601360e-01
1.586066e+00
-8.708131e-01
-7.463382e-01
-1.267795e+00
-3.649779e-01
-1.385998e+00
4.819887e-01
9.270444e-01
3.392225e-01
-6.535481e-02
1.593158e+00
-1.136621e+00
-1.316547e+01
-1.293664e-01
6.320598e-01
-8.880805e-01
-7.292527e-01
1.242553e+00
6.112087e-01
1.053194e+00
-6.907016e-01
-4.163250e-01
4.258440e-01
1.503176e+00
1.214588e+00
-3.465046e-01
-1.105385e+00
-3.807048e-01
7.320586e-02
2.961580e-01
7.222203e-01
-3.684714e-01
-5.670134e-01
-2.402762e-02
1.834193e-01
-3.033680e-01
-1.549651e+00
5.481699e-01
-8.005192e-01
1.257256e+00
-7.116872e-01
-7.286047e-02
-1.482880e+00
3.355571e+00
3.575066e-02
1.995714e+00
2.639982e-01
5.848127e-01
1.511920e+00
-1.078121e+00
-8.128788e-01
1.431336e+00
4.581110e-01
1.107917e+00
-6.653956e-02
-1.616990e+00
1.920654e+00
6.613440e-01
1.843280e+00
-5.423232e-01
2.264228e-01
-2.320479e+00
-1.325275e+00
1.614200e+00
8.839985e-01
5.895435e-01
-1.027794e+00
-4.455277e-01
4.689665e-01
-2.883148e-01
3.747577e-01
7.604818e-01
3.688209e-01
-5.085911e-01
-8.835061e-02
6.334318e-01
-6.574676e-02
7.895757e-01
-8.605198e-01
2.003131e-01
-4.408824e-01
-9.237586e-01
-1.170438e+00
1.180727e-01
-1.776164e-01
-1.262854e-01
-2.854406e-01
-2.643211e-02
2.601523e-01
-3.498334e-01
-1.991851e-01
3.663612e-01
1.974314e+01
-1.051214e+00
1.334449e+00
-1.338414e+00
2.628162e-01
-5.003427e-01
2.507936e-01
-2.876133e-01
1.039789e+00
1.479546e-01
-7.350327e-01
2.261938e+00
1.791956e-01
5.695578e-02
1.193616e+00
-6.787323e-01
1.018824e+00
-7.212405e-01
2.892090e-02
3.185486e-01
3.988312e-01
-8.614824e-01
2.935296e-01
1.731735e+00
-1.638687e+00
-1.171159e+00
5.287616e-01
-1.964674e+00
-1.400708e-01
-2.852274e+00
-1.376576e+00
-1.689356e+00
3.687738e-01
-8.646804e-01
-9.503259e-01
-7.622155e-01
7.027670e-01
-1.324679e+00
1.588782e+00
3.619435e-01
-8.746706e-01
-6.355589e-01
1.019694e+00
-1.002257e+00
-1.620157e+00
5.345086e-01
1.505660e+00
-2.258463e+00
7.385952e-01
-7.232631e-02
-1.198630e+00
8.342457e-01
-8.851738e-01
-3.166017e+00
-1.995354e+00
-1.115650e+00
6.177374e-01
3.349540e-01
1.967531e-01
-3.631719e-01
1.111092e+00
-2.578911e-01
1.040433e+00
3.357057e-01
4.164022e-01
5.142124e-01
-1.180464e-01
1.395734e+00
-4.461590e-01
1.091500e+00
-1.427709e-01
-2.628952e-01
-5.072904e-01
3.897421e-01
3.876306e-01
8.452430e-01
6.634491e-01
-4.509851e-01
-1.220282e+00
-4.316574e-01
5.575623e+00
1.797909e+00
1.930502e-01
-6.845699e-01
3.572689e-01
3.676299e-01
-4.181546e-01
5.564932e-01
1.032190e+00
-5.126088e-01
4.643413e-01
-4.558837e-01
-1.101946e-01
-4.266127e-01
-8.303993e-02
-8.698732e-01
1.393647e+00
-5.364125e-01
1.869418e+00
-8.372199e-01
-2.822324e-01
1.034905e+00
2.618886e+00
2.164357e-01
8.447057e-02
-8.110339e-02
-6.291686e+00
-3.532428e+00
-6.638222e-01
1.410979e-01
5.014131e+00
-1.799010e+00
7.960303e-01
-1.018156e+00
5.952463e-01
6.940202e-01
-5.638178e-01
-1.187005e-01
3.092074e-01
3.215622e-01
1.605803e+00
8.535309e-01
4.749610e-01
4.092755e+00
-3.144475e+00
-2.869498e-01
1.248084e+00
-3.006131e+00
1.282691e-01
-6.213864e-01
4.343171e+00
-3.032858e+00
7.629283e-01
3.727307e+00
-3.023711e+00
6.251536e-01
-8.387858e-01
7.444084e-01
-1.044394e+00
1.427287e-01
1.020461e+00
7.662287e-02
5.993086e-01
8.399868e-01
1.400818e+00
9.132322e-01
-1.021557e-01
-6.877602e-01
2.683370e-01
9.821701e-01
1.629313e+00
9.075590e-01
-4.196069e-01
8.343367e-01
3.138015e-01
-5.926608e-01
-6.374654e-01
-1.291855e-01
-6.937910e-01
-9.077498e-01
-1.947148e+01
6.230716e-01
3.956514e-02
3.441488e-01
4.489291e-01
-3.981819e-01
-3.301725e-02
5.269402e-01
-1.209565e-01
-5.839915e-01
1.035246e+00
-5.738226e-01
-1.806078e+00
-1.999739e+00
-5.833644e-01
-5.311149e-01
-1.003117e+00
-8.064965e-01
6.699347e-01
-7.910132e-01
-6.567649e-01
1.022383e+00
6.909633e-01
1.070092e+00
4.888732e-01
-1.714779e-01
-1.570591e+00
3.657835e+00
-1.020315e+00
-1.480094e+00
-1.644435e-03
9.400874e-01
-8.747654e-01
5.955965e-02
1.361975e+00
6.026440e-01
5.175841e-01
-9.820357e-01
-4.440103e-01
-1.916869e-02
3.835146e-01
-3.602438e-02
2.868741e+00
1.636866e+00
2.531120e+00
6.963544e-02
-3.362464e+00
6.602502e-01
4.138924e+00
6.859956e-01
2.364104e+00
2.939612e+00
-2.235330e+00
1.135320e+00
-1.237931e+00
-1.069768e+00
4.227735e-01
1.328255e+00
-7.768507e-01
1.365866e+00
-2.324378e-01
3.011647e-01
-3.962589e-01
-3.984932e-01
-2.971023e-02
3.236502e-01
-7.481546e-01
-1.725681e-01
1.818703e+00
2.969778e-01
3.208553e-01
-8.432319e-01
2.132112e-01
-1.558839e-01
5.081624e-01
-1.682679e+00
-1.519987e+00
3.621041e-01
-1.973094e-01
1.875343e+00
3.379563e-01
-7.865850e-01
1.219846e+00
-8.934840e-02
7.495340e-01
-1.256942e-01
1.075125e+00
4.493638e-01
-1.638946e+00
-1.248346e+00
1.604861e-01
1.223072e+00
-2.471440e-01
5.336000e-01
8.092992e-01
-5.416107e-01
6.666835e-01
-1.103227e-01
3.101387e-01
2.151604e-01
6.612176e-01
-1.089512e+00
4.938935e-01
1.535356e-01
9.166393e-01
1.527345e+00
3.076294e+00
-8.506454e-01
-1.250708e+00
-1.492524e+00
-4.101792e+00
1.113353e+00
-1.098294e+00
1.217193e+00
1.663652e-01
1.455279e-02
1.163016e+00
3.203103e-01
-7.864302e-01
1.265592e+00
-1.499442e-01
5.028710e-01
1.430664e+00
5.869548e-01
2.646114e-01
-1.100298e+00
-4.656167e-01
-1.214456e+00
1.699112e+00
1.325709e+00
2.539093e+00
-1.957279e+00
1.734773e+00
-1.155322e+00
1.001717e+00
-5.365389e-01
5.879376e-01
-5.137502e-01
-2.507854e-01
-2.743136e-01
-6.150812e-01
-1.063002e+00
-1.017221e+00
-1.279820e+00
-1.078914e+00
-7.904026e-01
-6.979453e-01
1.137508e-01
3.660662e-02
-1.307027e+00
2.929160e-01
-1.684510e+00
-4.662835e-01
-1.638499e+00
-3.815322e-01
-7.351290e-01
-1.318908e-01
-1.118502e+00
-3.052971e-01
-9.875726e-01
1.688030e+01
9.073875e-01
8.587739e-01
-6.539215e-01
-3.648647e-01
2.238664e-01
5.587092e-01
-1.519874e-01
-1.010715e+00
4.795767e-01
-1.288902e+00
-8.258574e-01
2.055241e+00
3.136372e-01
-1.636159e-01
1.339287e+00
-7.867096e-01
7.419978e-01
-1.186241e-01
5.292954e-01
5.148838e-01
-7.908176e-01
1.898168e-01
-1.008396e-01
-9.988406e-01
8.740593e-01
1.153586e-01
-2.463897e+00
-5.196808e-01
-2.453579e+00
3.173062e-01
-3.695977e-02
7.339439e-01
-2.402136e-01
-9.919998e-02
2.929000e-01
1.235586e+00
-1.483251e+00
-7.044441e-02
1.469782e+00
-6.555709e-01
-2.184101e-01
8.271729e-01
-3.213789e+00
-1.854480e+00
9.040543e-01
-3.131583e+00
3.256768e-01
-1.073172e+00
-1.161164e+00
-2.927636e-01
-1.831876e+00
4.556346e+00
1.144060e+00
1.002757e+00
3.449393e-01
-8.818347e-01
-1.037242e+00
2.092261e-01
3.883276e-01
9.061289e-01
-4.663680e-01
-2.181951e-01
-6.631739e-01
-4.010228e-02
7.709169e-01
8.144309e-01
6.074768e-01
-1.135794e-01
5.096020e-01
-1.093960e+00
3.410989e-02
-9.068913e-01
-1.366551e+00
-1.508460e+00
3.005530e-01
1.079681e+00
-4.297494e-02
6.134509e-02
-8.246475e-01
-9.259617e+00
1.087305e+00
-2.063616e+00
3.230438e-01
6.908429e-01
-4.617757e-01
6.174235e-01
5.116394e-01
-4.436446e-01
-2.416674e-01
-2.655697e-01
1.873135e-01
9.432200e-01
2.252853e-01
5.450077e-02
-4.388349e-01
7.108349e-01
-1.876580e+00
-1.224479e+00
5.981174e-01
-8.075701e-01
-1.448340e-01
1.461192e+00
-2.661963e-01
-3.861132e-01
-6.844821e-01
-2.921271e-01
-2.709884e+00
-1.057543e+00
-2.804784e+00
1.937277e-01
-1.989308e+00
