1.410248e-01
3.319542e-01
7.858755e-01
-1.350815e-01
-1.643423e+00
7.334201e-01
-1.578337e-01
4.141551e-01
3.230239e-01
-3.013504e-01
-8.509748e-01
-1.382474e+00
-1.180783e+00
7.021095e-02
-9.234606e-02
8.863978e-02
-2.224363e-01
2.238337e-01
7.737451e-02
2.264380e-01
-2.276441e-01
-6.591205e-02
-6.205244e-02
-5.817526e-02
-5.428159e-02
2.327014e-01
2.335162e-01
-2.342648e-01
-3.856429e-02
-3.460487e-02
-3.063564e-02
-2.365940e-01
-2.267228e-02
-2.373571e-01
2.376378e-01
2.378513e-01
-6.677562e-03
2.671319e-03
-1.335680e-03
4.930435e+00
2.379075e-01
1.334987e-02
-2.374581e-01
-2.371325e-01
-2.533003e-02
-2.931058e-02
-3.328282e-02
2.351597e-01
-4.119791e-02
-2.337731e-01
-4.906632e-02
2.321216e-01
-5.687915e-02
-2.302071e-01
-6.462753e-02
2.280319e-01
-7.230271e-02
-2.255983e-01
-7.989597e-02
-8.365919e-02
-2.214696e-01
9.111349e-02
2.184029e-01
9.846457e-02
-1.020988e-01
1.076360e-01
8.461237e-01
-6.449715e-01
-4.569857e-01
4.974228e-01
5.734849e-01
2.015974e-01
-1.300468e-01
-1.972203e-01
-1.366849e-01
-1.399464e-01
-1.902372e-01
1.463495e-01
1.853113e-01
1.525867e-01
-1.556410e-01
-3.728008e-01
4.743222e-01
-8.719514e-01
5.163442e-01
-2.353777e-01
3.838579e-01
-9.794474e-02
-8.363455e-01
1.342160e+00
-1.517857e-01
5.087506e-01
-3.865062e-01
-9.795656e-02
1.934017e-01
-1.957113e-01
-1.322763e-01
1.289260e-01
-2.023049e-01
1.221167e-01
-1.186597e-01
2.083828e-01
2.102915e-01
2.121407e-01
2.139297e-01
1.008905e-01
9.724691e-02
-9.357573e-02
2.204751e-01
2.219565e-01
2.233749e-01
-7.863648e-02
2.260217e-01
-7.102897e-02
6.719449e-02
6.334098e-02
2.305444e-01
-2.315125e-01
-2.324151e-01
4.159407e+00
4.382634e-02
2.347270e-01
-3.592582e-02
-3.195974e-02
-2.364407e-01
-2.368782e-01
-2.372485e-01
1.601615e-02
-2.377876e-01
-8.012612e-03
-2.380573e-01
-2.498002e-16
-2.380573e-01
8.012612e-03
-2.377876e-01
-1.601615e-02
-2.372485e-01
2.400154e-02
-2.364407e-01
-2.359362e-01
3.592582e-02
2.347270e-01
-4.382634e-02
2.332519e-01
-2.324151e-01
-1.857581e-01
4.453251e-02
-1.034457e+00
2.854556e-01
-1.082293e-01
-6.599970e-01
-7.863648e-02
-2.233749e-01
8.615491e-02
-2.204751e-01
-2.189313e-01
9.724691e-02
2.156581e-01
-1.045056e-01
2.121407e-01
-2.102915e-01
5.137075e-01
-3.307614e-01
1.778719e-01
-2.168937e-01
4.097897e-01
-9.329672e-01
5.023319e-01
-1.459985e-01
2.386639e-03
-4.425077e-01
-2.233856e-01
-4.814368e-02
-6.353189e-01
1.784179e-01
-1.757395e-01
1.635678e-01
-1.664563e-01
-1.674087e-01
-1.720910e-01
1.748356e-01
1.586511e-01
1.556410e-01
1.525867e-01
1.494893e-01
-1.878009e-01
-1.902372e-01
1.926197e-01
1.366849e-01
1.333848e-01
1.300468e-01
2.015974e-01
1.232614e-01
2.057462e-01
-2.077335e-01
-2.096619e-01
1.092795e-01
-1.057041e-01
-1.020988e-01
-6.573932e+00
-2.184029e-01
9.111349e-02
2.214696e-01
2.229091e-01
-7.989597e-02
-7.611012e-02
-7.230271e-02
-2.280319e-01
-6.462753e-02
2.302071e-01
-5.687915e-02
-2.321216e-01
-4.906632e-02
2.337731e-01
-4.119791e-02
-2.351597e-01
-3.328282e-02
2.362800e-01
-2.533003e-02
-2.134231e-02
2.374581e-01
1.334987e-02
-2.379075e-01
5.342302e-03
-1.335680e-03
-3.617867e-01
7.792947e-02
5.781638e-01
-9.261029e-01
7.097706e-01
-4.817481e-01
-2.365940e-01
3.063564e-02
2.355628e-01
3.856429e-02
4.251279e-02
2.335162e-01
-5.037256e-02
-2.318207e-01
-5.817526e-02
6.205244e-02
-6.500840e-01
3.706065e-01
-7.899104e-01
2.639216e-02
5.957459e-02
-6.710236e-01
3.216812e-01
1.374892e-01
-2.469813e-01
9.478436e-02
-4.760214e-02
-6.688049e-01
-5.449367e-01
-1.139983e-01
1.174999e-01
2.050708e-01
-2.030060e-01
1.278010e-01
-1.987044e-01
1.964689e-01
-1.377764e-01
-1.410248e-01
-1.442332e-01
-1.474007e-01
-1.844698e-01
-1.819104e-01
1.792996e-01
-1.596446e-01
-1.625946e-01
-1.654986e-01
1.683558e-01
-1.711652e-01
1.625946e-01
-1.596446e-01
-1.566493e-01
-1.819104e-01
1.844698e-01
1.869769e-01
-1.146090e+00
-1.410248e-01
-1.941777e-01
1.344891e-01
1.311636e-01
2.008836e-01
2.030060e-01
2.050708e-01
-1.174999e-01
2.090257e-01
1.104644e-01
2.127437e-01
-1.033038e-01
2.162207e-01
9.602619e-02
2.194528e-01
-8.863978e-02
2.224363e-01
8.115294e-02
2.251678e-01
2.264380e-01
6.975299e-02
-2.287858e-01
-6.205244e-02
-2.308744e-01
2.318207e-01
-3.337420e-01
5.654952e-01
-1.360173e+00
-2.212031e-01
6.068067e-01
-4.994127e-01
-2.665774e-02
2.370091e-01
1.868041e-02
2.376378e-01
2.378513e-01
6.677562e-03
-2.380760e-01
1.335680e-03
-2.380311e-01
2.379075e-01
5.266522e-01
-7.628791e-01
8.037950e-01
1.892928e-01
7.692246e-02
-3.884533e-01
-9.052287e-01
-6.726505e-01
-3.511042e-01
-1.440988e-01
2.024638e-01
-8.018169e-01
-6.141290e-03
-2.291519e-01
2.280319e-01
-7.230271e-02
7.611012e-02
2.242855e-01
8.365919e-02
-8.739872e-02
-2.199674e-01
-2.184029e-01
-2.167765e-01
-2.150888e-01
1.057041e-01
1.092795e-01
-1.128239e-01
-2.077335e-01
-2.057462e-01
-2.037007e-01
-1.266721e-01
-1.994371e-01
-1.333848e-01
1.366849e-01
1.399464e-01
-1.902372e-01
1.878009e-01
1.853113e-01
6.915380e+00
1.556410e-01
-1.775307e-01
-1.616164e-01
-1.645358e-01
1.692976e-01
1.664563e-01
1.635678e-01
1.757395e-01
1.576527e-01
-1.810458e-01
1.515590e-01
1.861471e-01
1.452936e-01
-1.910374e-01
1.388636e-01
1.957113e-01
1.322763e-01
-2.001635e-01
1.255391e-01
1.221167e-01
-2.064151e-01
-1.151691e-01
2.102915e-01
-1.080911e-01
1.045056e-01
8.044374e-03
-7.123689e-02
-5.170957e-02
-1.026988e+00
1.928157e-01
-1.021965e+00
2.247301e-01
7.484332e-02
-2.272492e-01
6.719449e-02
6.334098e-02
-2.305444e-01
-5.558124e-02
2.324151e-01
-4.775854e-02
4.382634e-02
-6.558300e-01
-2.302754e-01
3.964641e-01
-2.359274e-01
5.496930e-01
1.424556e-01
3.189741e-01
-1.099417e+00
5.091994e-01
6.072007e-01
2.095202e-01
1.099931e+00
4.497622e-02
1.201608e-02
-1.601615e-02
-2.372485e-01
2.368782e-01
-2.798460e-02
2.359362e-01
-2.353650e-01
3.988173e-02
4.382634e-02
4.775854e-02
5.167721e-02
2.315125e-01
2.305444e-01
-2.295109e-01
6.719449e-02
7.102897e-02
7.484332e-02
-2.247301e-01
8.240736e-02
-2.219565e-01
2.204751e-01
2.189313e-01
9.724691e-02
-1.008905e-01
-1.045056e-01
-2.094224e+00
2.102915e-01
1.151691e-01
-2.064151e-01
-2.043889e-01
-1.255391e-01
-1.289260e-01
-1.322763e-01
1.957113e-01
-1.388636e-01
-1.910374e-01
-1.452936e-01
1.861471e-01
-1.515590e-01
-1.810458e-01
-1.576527e-01
1.757395e-01
-1.635678e-01
-1.702341e-01
-1.692976e-01
-1.720910e-01
-1.616164e-01
1.775307e-01
1.556410e-01
1.827693e-01
-1.853113e-01
1.461785e-01
2.790106e-01
6.859311e-01
-4.924674e-01
7.040385e-01
8.231369e-01
1.266721e-01
-2.037007e-01
-1.198158e-01
-2.077335e-01
-2.096619e-01
-1.092795e-01
2.133401e-01
1.020988e-01
2.167765e-01
-2.184029e-01
-1.544715e-01
-3.210783e-02
1.190421e+00
-6.987629e-01
5.486927e-01
-1.158233e+00
9.932199e-01
-5.577501e-01
-5.503892e-02
6.676323e-01
9.457114e-03
2.744690e-01
1.866787e-01
2.344996e-01
-2.351597e-01
-3.328282e-02
2.931058e-02
-2.367398e-01
2.134231e-02
-1.734855e-02
2.377165e-01
2.379075e-01
2.380311e-01
2.380873e-01
-2.671319e-03
-6.677562e-03
1.068191e-02
2.376378e-01
2.373571e-01
2.370091e-01
2.665774e-02
2.361118e-01
3.460487e-02
-3.856429e-02
-4.251279e-02
2.335162e-01
-2.327014e-01
-2.318207e-01
-5.887153e+00
-6.205244e-02
2.287858e-01
6.975299e-02
7.357417e-02
-2.251678e-01
-2.238337e-01
-2.224363e-01
-8.863978e-02
-2.194528e-01
9.602619e-02
-2.162207e-01
-1.033038e-01
-2.127437e-01
1.104644e-01
-2.090257e-01
-1.174999e-01
-2.050708e-01
1.244022e-01
-2.008836e-01
-1.987044e-01
1.344891e-01
1.941777e-01
-1.410248e-01
1.894311e-01
-1.869769e-01
5.456008e-02
-7.204267e-02
1.076871e+00
2.259101e-02
2.105345e-01
-4.860152e-01
-1.683558e-01
-1.654986e-01
1.739262e-01
-1.596446e-01
-1.566493e-01
1.819104e-01
1.505265e-01
-1.869769e-01
1.442332e-01
-1.410248e-01
5.640128e-02
-2.689782e-01
2.623272e-01
-7.308261e-02
4.846157e-01
-1.220053e+00
1.119154e+00
3.609658e-01
3.213790e-01
-4.254874e-01
-1.270187e-01
-1.165416e-01
7.496291e-01
9.234606e-02
-8.863978e-02
2.224363e-01
-2.238337e-01
-7.737451e-02
-2.264380e-01
2.276441e-01
6.591205e-02
6.205244e-02
5.817526e-02
5.428159e-02
-2.327014e-01
-2.335162e-01
2.342648e-01
3.856429e-02
3.460487e-02
3.063564e-02
2.365940e-01
2.267228e-02
2.373571e-01
-2.376378e-01
-2.378513e-01
6.677562e-03
-2.671319e-03
1.335680e-03
4.919751e+00
-2.379075e-01
-1.334987e-02
2.374581e-01
2.371325e-01
2.533003e-02
2.931058e-02
3.328282e-02
-2.351597e-01
4.119791e-02
2.337731e-01
4.906632e-02
-2.321216e-01
5.687915e-02
2.302071e-01
6.462753e-02
-2.280319e-01
7.230271e-02
2.255983e-01
7.989597e-02
8.365919e-02
2.214696e-01
-9.111349e-02
-2.184029e-01
-9.846457e-02
1.020988e-01
3.190441e-01
2.185589e-01
-2.256477e-01
-3.240698e-01
7.370544e-01
5.205030e-03
-2.015974e-01
1.300468e-01
1.972203e-01
1.366849e-01
1.399464e-01
1.902372e-01
-1.463495e-01
-1.853113e-01
-1.525867e-01
1.556410e-01
-1.937209e-01
3.158327e-01
3.297600e-01
9.316530e-01
6.716025e-01
3.961508e-01
4.371353e-02
-1.484782e+00
3.930050e-01
4.988285e-01
-1.268822e-01
2.636239e-02
1.049056e+00
-1.934017e-01
1.957113e-01
1.322763e-01
-1.289260e-01
2.023049e-01
-1.221167e-01
1.186597e-01
-2.083828e-01
-2.102915e-01
-2.121407e-01
-2.139297e-01
-1.008905e-01
-9.724691e-02
9.357573e-02
-2.204751e-01
-2.219565e-01
-2.233749e-01
7.863648e-02
-2.260217e-01
7.102897e-02
-6.719449e-02
-6.334098e-02
-2.305444e-01
2.315125e-01
2.324151e-01
3.692903e+00
-4.382634e-02
-2.347270e-01
3.592582e-02
3.195974e-02
2.364407e-01
2.368782e-01
2.372485e-01
-1.601615e-02
2.377876e-01
8.012612e-03
2.380573e-01
8.326673e-17
2.380573e-01
-8.012612e-03
2.377876e-01
1.601615e-02
2.372485e-01
-2.400154e-02
2.364407e-01
2.359362e-01
-3.592582e-02
-2.347270e-01
4.382634e-02
-2.332519e-01
2.324151e-01
-1.674613e-01
-2.909686e-01
5.615732e-01
7.395422e-01
7.196038e-01
-1.025227e-01
7.863648e-02
2.233749e-01
-8.615491e-02
2.204751e-01
2.189313e-01
-9.724691e-02
-2.156581e-01
1.045056e-01
-2.121407e-01
2.102915e-01
2.231161e+00
1.069047e+00
-5.926497e-03
3.923012e-01
-1.387886e+00
3.242947e-01
-9.162464e-02
1.910942e-01
3.390131e-01
-1.199381e+00
6.577241e-01
-5.279969e-01
-6.448832e-01
-1.784179e-01
1.757395e-01
-1.635678e-01
1.664563e-01
1.674087e-01
1.720910e-01
-1.748356e-01
-1.586511e-01
-1.556410e-01
-1.525867e-01
-1.494893e-01
1.878009e-01
1.902372e-01
-1.926197e-01
-1.366849e-01
-1.333848e-01
-1.300468e-01
-2.015974e-01
-1.232614e-01
-2.057462e-01
2.077335e-01
2.096619e-01
-1.092795e-01
1.057041e-01
1.020988e-01
-6.770861e+00
2.184029e-01
-9.111349e-02
-2.214696e-01
-2.229091e-01
7.989597e-02
7.611012e-02
7.230271e-02
2.280319e-01
6.462753e-02
-2.302071e-01
5.687915e-02
2.321216e-01
4.906632e-02
-2.337731e-01
4.119791e-02
2.351597e-01
3.328282e-02
-2.362800e-01
2.533003e-02
2.134231e-02
-2.374581e-01
-1.334987e-02
2.379075e-01
-5.342302e-03
1.335680e-03
9.661338e-01
-5.302463e-02
-6.644948e-01
1.571829e-01
-1.635398e-01
-3.261410e-01
2.365940e-01
-3.063564e-02
-2.355628e-01
-3.856429e-02
-4.251279e-02
-2.335162e-01
5.037256e-02
2.318207e-01
5.817526e-02
-6.205244e-02
5.876834e-01
-7.044928e-01
-2.573436e-01
-5.522298e-02
1.451322e-01
-7.723545e-01
5.249080e-01
-3.324733e-01
-3.920032e-01
-2.377779e-01
-4.707877e-01
3.757427e-01
6.041012e-01
1.139983e-01
-1.174999e-01
-2.050708e-01
2.030060e-01
-1.278010e-01
1.987044e-01
-1.964689e-01
1.377764e-01
1.410248e-01
1.442332e-01
1.474007e-01
1.844698e-01
1.819104e-01
-1.792996e-01
1.596446e-01
1.625946e-01
1.654986e-01
-1.683558e-01
1.711652e-01
-1.625946e-01
1.596446e-01
1.566493e-01
1.819104e-01
-1.844698e-01
-1.869769e-01
-7.672280e-01
1.410248e-01
1.941777e-01
-1.344891e-01
-1.311636e-01
-2.008836e-01
-2.030060e-01
-2.050708e-01
1.174999e-01
-2.090257e-01
-1.104644e-01
-2.127437e-01
1.033038e-01
-2.162207e-01
-9.602619e-02
-2.194528e-01
8.863978e-02
-2.224363e-01
-8.115294e-02
-2.251678e-01
-2.264380e-01
-6.975299e-02
2.287858e-01
6.205244e-02
2.308744e-01
-2.318207e-01
3.532783e-01
1.006695e+00
-9.533634e-01
-5.027157e-01
4.753279e-01
-1.116680e+00
2.665774e-02
-2.370091e-01
-1.868041e-02
-2.376378e-01
-2.378513e-01
-6.677562e-03
2.380760e-01
-1.335680e-03
2.380311e-01
-2.379075e-01
-8.108878e-01
1.872894e-01
5.996696e-01
8.097804e-01
1.276973e+00
1.106685e-01
-2.488612e-01
8.920889e-01
3.254499e-01
-5.433452e-01
-1.513111e+00
2.565381e-01
7.832677e-01
2.291519e-01
-2.280319e-01
7.230271e-02
-7.611012e-02
-2.242855e-01
-8.365919e-02
8.739872e-02
2.199674e-01
2.184029e-01
2.167765e-01
2.150888e-01
-1.057041e-01
-1.092795e-01
1.128239e-01
2.077335e-01
2.057462e-01
2.037007e-01
1.266721e-01
1.994371e-01
1.333848e-01
-1.366849e-01
-1.399464e-01
1.902372e-01
-1.878009e-01
-1.853113e-01
7.280919e+00
-1.556410e-01
1.775307e-01
1.616164e-01
1.645358e-01
-1.692976e-01
-1.664563e-01
-1.635678e-01
-1.757395e-01
-1.576527e-01
1.810458e-01
-1.515590e-01
-1.861471e-01
-1.452936e-01
1.910374e-01
-1.388636e-01
-1.957113e-01
-1.322763e-01
2.001635e-01
-1.255391e-01
-1.221167e-01
2.064151e-01
1.151691e-01
-2.102915e-01
1.080911e-01
-1.045056e-01
4.615348e-01
3.923588e-01
1.109684e+00
5.888975e-01
-5.274361e-01
2.248863e-01
-2.247301e-01
-7.484332e-02
2.272492e-01
-6.719449e-02
-6.334098e-02
2.305444e-01
5.558124e-02
-2.324151e-01
4.775854e-02
-4.382634e-02
7.118744e-01
1.162392e+00
1.996536e-01
9.817786e-01
2.565238e-01
1.426999e-01
6.989423e-01
-5.572891e-02
7.041050e-01
-2.320128e-01
-2.331059e-01
-8.571297e-01
7.577974e-02
-1.201608e-02
1.601615e-02
2.372485e-01
-2.368782e-01
2.798460e-02
-2.359362e-01
2.353650e-01
-3.988173e-02
-4.382634e-02
-4.775854e-02
-5.167721e-02
-2.315125e-01
-2.305444e-01
2.295109e-01
-6.719449e-02
-7.102897e-02
-7.484332e-02
2.247301e-01
-8.240736e-02
2.219565e-01
-2.204751e-01
-2.189313e-01
-9.724691e-02
1.008905e-01
1.045056e-01
-2.310406e+00
-2.102915e-01
-1.151691e-01
2.064151e-01
2.043889e-01
1.255391e-01
1.289260e-01
1.322763e-01
-1.957113e-01
1.388636e-01
1.910374e-01
1.452936e-01
-1.861471e-01
1.515590e-01
1.810458e-01
1.576527e-01
-1.757395e-01
1.635678e-01
1.702341e-01
1.692976e-01
1.720910e-01
1.616164e-01
-1.775307e-01
-1.556410e-01
-1.827693e-01
1.853113e-01
7.591809e-01
7.491729e-01
1.113029e-01
-1.178297e-01
7.497158e-02
-2.163631e-01
-1.266721e-01
2.037007e-01
1.198158e-01
2.077335e-01
2.096619e-01
1.092795e-01
-2.133401e-01
-1.020988e-01
-2.167765e-01
2.184029e-01
5.968497e-01
7.146946e-01
-6.345805e-02
8.649847e-01
-7.475924e-01
9.298003e-01
-6.943353e-01
3.541240e-01
3.625837e-01
-6.194861e-01
-4.667249e-01
-4.724112e-01
-2.900965e-01
-2.344996e-01
2.351597e-01
3.328282e-02
-2.931058e-02
2.367398e-01
-2.134231e-02
1.734855e-02
-2.377165e-01
-2.379075e-01
-2.380311e-01
-2.380873e-01
2.671319e-03
6.677562e-03
-1.068191e-02
-2.376378e-01
-2.373571e-01
-2.370091e-01
-2.665774e-02
-2.361118e-01
-3.460487e-02
3.856429e-02
4.251279e-02
-2.335162e-01
2.327014e-01
2.318207e-01
-6.348902e+00
6.205244e-02
-2.287858e-01
-6.975299e-02
-7.357417e-02
2.251678e-01
2.238337e-01
2.224363e-01
8.863978e-02
2.194528e-01
-9.602619e-02
2.162207e-01
1.033038e-01
2.127437e-01
-1.104644e-01
2.090257e-01
1.174999e-01
2.050708e-01
-1.244022e-01
2.008836e-01
1.987044e-01
-1.344891e-01
-1.941777e-01
1.410248e-01
-1.894311e-01
1.869769e-01
8.599180e-01
-7.311710e-01
-7.682429e-01
6.459842e-01
-1.248694e+00
4.323225e-01
0
0
0
0
0
0
0
0
0
