0.168356
0.168356
-0.168356
0.168356
0.168356
-0.168356
-0.168356
0.168356
-0.168356
0.168356
0.336712
0.673423
1.11022e-16
-1.68356
0.673423
-0.336712
0.336712
0.336712
-5.55112e-17
-0.673423
-1.34685
-1.01013
0.336712
-0.168356
0.168356
-0.168356
0.168356
0.168356
0.168356
-0.168356
-0.168356
-0.168356
-0.168356
-0.168356
0.168356
0.168356
-0.168356
-0.168356
-0.168356
-0.168356
-0.168356
-0.168356
-0.168356
0.168356
0.168356
-0.168356
0.168356
0.168356
6.95848
0.168356
-0.168356
-0.168356
-0.168356
0.168356
0.168356
0.168356
0.168356
0.168356
-0.168356
0.168356
0.168356
0.168356
-0.168356
0.168356
0.168356
0.168356
-0.168356
0.168356
0.168356
-0.168356
-0.168356
0.168356
-0.168356
0.168356
0.336712
0.673423
1.11022e-16
-1.68356
0.673423
-0.336712
0.168356
0.168356
-0.168356
0.168356
0.168356
-0.168356
-0.168356
0.168356
-0.168356
0.168356
-0.010586
0.223137
0.685765
-0.0434079
-0.00111632
0.94491
-0.863834
0.164889
-1.21207
-0.503892
0.466224
0.620457
-0.992075
-0.168356
0.168356
-0.168356
0.168356
0.168356
0.168356
-0.168356
-0.168356
-0.168356
-0.168356
-0.168356
0.168356
0.168356
-0.168356
-0.168356
-0.168356
-0.168356
-0.168356
-0.168356
-0.168356
0.168356
0.168356
-0.168356
0.168356
0.168356
-7.2952
0.168356
-0.168356
-0.168356
-0.168356
0.168356
0.168356
0.168356
0.168356
0.168356
-0.168356
0.168356
0.168356
0.168356
-0.168356
0.168356
0.168356
0.168356
-0.168356
0.168356
0.168356
-0.168356
-0.168356
0.168356
-0.168356
0.168356
-0.010586
0.223137
0.685765
-0.0434079
-0.00111632
0.94491
0.168356
0.168356
-0.168356
0.168356
0.168356
-0.168356
-0.168356
0.168356
-0.168356
0.168356
-0.303367
0.249877
-0.309517
0.424341
-0.524386
0.923823
-0.420525
0.35603
0.0366481
0.304542
0.325629
0.123928
0.705909
-0.168356
0.168356
-0.168356
0.168356
0.168356
0.168356
-0.168356
-0.168356
-0.168356
-0.168356
-0.168356
0.168356
0.168356
-0.168356
-0.168356
-0.168356
-0.168356
-0.168356
-0.168356
-0.168356
0.168356
0.168356
-0.168356
0.168356
0.168356
6.95848
0.168356
-0.168356
-0.168356
-0.168356
0.168356
0.168356
0.168356
0.168356
0.168356
-0.168356
0.168356
0.168356
0.168356
-0.168356
0.168356
0.168356
0.168356
-0.168356
0.168356
0.168356
-0.168356
-0.168356
0.168356
-0.168356
0.168356
-0.303367
0.249877
-0.309517
0.424341
-0.524386
0.923823
0.168356
0.168356
-0.168356
0.168356
0.168356
-0.168356
-0.168356
0.168356
-0.168356
0.168356
0.288927
0.217262
-0.638903
-0.250051
0.569879
0.0860082
0.651607
0.293653
0.727184
-0.282777
-0.204787
0.393287
0.412083
-0.168356
0.168356
-0.168356
0.168356
0.168356
0.168356
-0.168356
-0.168356
-0.168356
-0.168356
-0.168356
0.168356
0.168356
-0.168356
-0.168356
-0.168356
-0.168356
-0.168356
-0.168356
-0.168356
0.168356
0.168356
-0.168356
0.168356
0.168356
-7.2952
0.168356
-0.168356
-0.168356
-0.168356
0.168356
0.168356
0.168356
0.168356
0.168356
-0.168356
0.168356
0.168356
0.168356
-0.168356
0.168356
0.168356
0.168356
-0.168356
0.168356
0.168356
-0.168356
-0.168356
0.168356
-0.168356
0.168356
0.288927
0.217262
-0.638903
-0.250051
0.569879
0.0860082
0.168356
0.168356
-0.168356
0.168356
0.168356
-0.168356
-0.168356
0.168356
-0.168356
0.168356
0.209936
-0.361831
0.302191
-0.648869
0.169821
-0.882533
-0.381585
-0.338177
-0.450577
-0.872626
0.221671
-0.493332
-0.584099
-0.168356
0.168356
-0.168356
0.168356
0.168356
0.168356
-0.168356
-0.168356
-0.168356
-0.168356
-0.168356
0.168356
0.168356
-0.168356
-0.168356
-0.168356
-0.168356
-0.168356
-0.168356
-0.168356
0.168356
0.168356
-0.168356
0.168356
0.168356
6.95848
0.168356
-0.168356
-0.168356
-0.168356
0.168356
0.168356
0.168356
0.168356
0.168356
-0.168356
0.168356
0.168356
0.168356
-0.168356
0.168356
0.168356
0.168356
-0.168356
0.168356
0.168356
-0.168356
-0.168356
0.168356
-0.168356
0.168356
0.209936
-0.361831
0.302191
-0.648869
0.169821
-0.882533
0.168356
0.168356
-0.168356
0.168356
0.168356
-0.168356
-0.168356
0.168356
-0.168356
0.168356
-0.835152
-0.446603
-0.0271944
0.0823476
0.107444
-0.444775
0.233664
-1.34928
0.887562
0.307473
-0.178709
0.672597
0.183641
-0.168356
0.168356
-0.168356
0.168356
0.168356
0.168356
-0.168356
-0.168356
-0.168356
-0.168356
-0.168356
0.168356
0.168356
-0.168356
-0.168356
-0.168356
-0.168356
-0.168356
-0.168356
-0.168356
0.168356
0.168356
-0.168356
0.168356
0.168356
-7.2952
0.168356
-0.168356
-0.168356
-0.168356
0.168356
0.168356
0.168356
0.168356
0.168356
-0.168356
0.168356
0.168356
0.168356
-0.168356
0.168356
0.168356
0.168356
-0.168356
0.168356
0.168356
-0.168356
-0.168356
0.168356
-0.168356
0.168356
-0.835152
-0.446603
-0.0271944
0.0823476
0.107444
-0.444775
0.168356
0.168356
-0.168356
0.168356
0.168356
-0.168356
-0.168356
0.168356
-0.168356
0.168356
-0.0749254
0.0719816
-1.02248
-0.063223
-0.193259
0.468213
0.10725
0.0249029
0.0541288
0.297216
-0.0849883
-0.51513
-0.897745
-0.168356
0.168356
-0.168356
0.168356
0.168356
0.168356
-0.168356
-0.168356
-0.168356
-0.168356
-0.168356
0.168356
0.168356
-0.168356
-0.168356
-0.168356
-0.168356
-0.168356
-0.168356
-0.168356
0.168356
0.168356
-0.168356
0.168356
0.168356
6.95848
0.168356
-0.168356
-0.168356
-0.168356
0.168356
0.168356
0.168356
0.168356
0.168356
-0.168356
0.168356
0.168356
0.168356
-0.168356
0.168356
0.168356
0.168356
-0.168356
0.168356
0.168356
-0.168356
-0.168356
0.168356
-0.168356
0.168356
-0.0749254
0.0719816
-1.02248
-0.063223
-0.193259
0.468213
0.168356
0.168356
-0.168356
0.168356
0.168356
-0.168356
-0.168356
0.168356
-0.168356
0.168356
-5.55112e-17
0.336712
-0.336712
-2.77556e-17
-0.336712
1.34685
-1.34685
-0.673423
-0.336712
0.336712
-0.336712
8.32667e-17
-0.673423
-0.168356
0.168356
-0.168356
0.168356
0.168356
0.168356
-0.168356
-0.168356
-0.168356
-0.168356
-0.168356
0.168356
0.168356
-0.168356
-0.168356
-0.168356
-0.168356
-0.168356
-0.168356
-0.168356
0.168356
0.168356
-0.168356
0.168356
0.168356
-7.2952
0.168356
-0.168356
-0.168356
-0.168356
0.168356
0.168356
0.168356
0.168356
0.168356
-0.168356
0.168356
0.168356
0.168356
-0.168356
0.168356
0.168356
0.168356
-0.168356
0.168356
0.168356
-0.168356
-0.168356
0.168356
-0.168356
0.168356
-5.55112e-17
0.336712
-0.336712
-2.77556e-17
-0.336712
1.34685
0.168356
0.168356
-0.168356
0.168356
0.168356
-0.168356
-0.168356
0.168356
-0.168356
0.168356
-0.0749254
-0.512393
0.452753
0.333245
0.46328
-0.318362
-0.257101
-0.631636
-0.764562
0.459368
0.571551
0.141409
-0.735594
-0.168356
0.168356
-0.168356
0.168356
0.168356
0.168356
-0.168356
-0.168356
-0.168356
-0.168356
-0.168356
0.168356
0.168356
-0.168356
-0.168356
-0.168356
-0.168356
-0.168356
-0.168356
-0.168356
0.168356
0.168356
-0.168356
0.168356
0.168356
6.95848
0.168356
-0.168356
-0.168356
-0.168356
0.168356
0.168356
0.168356
0.168356
0.168356
-0.168356
0.168356
0.168356
0.168356
-0.168356
0.168356
0.168356
0.168356
-0.168356
0.168356
0.168356
-0.168356
-0.168356
0.168356
-0.168356
0.168356
-0.0749254
-0.512393
0.452753
0.333245
0.46328
-0.318362
0.168356
0.168356
-0.168356
0.168356
0.168356
-0.168356
-0.168356
0.168356
-0.168356
0.168356
2.11531
0.866475
-0.189346
0.374535
-1.23775
0.211764
-0.000652213
0.255985
0.288894
-1.16776
0.58211
-0.672597
-0.707214
-0.168356
0.168356
-0.168356
0.168356
0.168356
0.168356
-0.168356
-0.168356
-0.168356
-0.168356
-0.168356
0.168356
0.168356
-0.168356
-0.168356
-0.168356
-0.168356
-0.168356
-0.168356
-0.168356
0.168356
0.168356
-0.168356
0.168356
0.168356
-7.2952
0.168356
-0.168356
-0.168356
-0.168356
0.168356
0.168356
0.168356
0.168356
0.168356
-0.168356
0.168356
0.168356
0.168356
-0.168356
0.168356
0.168356
0.168356
-0.168356
0.168356
0.168356
-0.168356
-0.168356
0.168356
-0.168356
0.168356
2.11531
0.866475
-0.189346
0.374535
-1.23775
0.211764
0.168356
0.168356
-0.168356
0.168356
0.168356
-0.168356
-0.168356
0.168356
-0.168356
0.168356
0.209936
-1.67491
0.724414
0.462009
-0.356682
0.462661
0.801457
0.188326
-1.3993
0.602604
-0.304832
-1.01984
0.891131
-0.168356
0.168356
-0.168356
0.168356
0.168356
0.168356
-0.168356
-0.168356
-0.168356
-0.168356
-0.168356
0.168356
0.168356
-0.168356
-0.168356
-0.168356
-0.168356
-0.168356
-0.168356
-0.168356
0.168356
0.168356
-0.168356
0.168356
0.168356
6.95848
0.168356
-0.168356
-0.168356
-0.168356
0.168356
0.168356
0.168356
0.168356
0.168356
-0.168356
0.168356
0.168356
0.168356
-0.168356
0.168356
0.168356
0.168356
-0.168356
0.168356
0.168356
-0.168356
-0.168356
0.168356
-0.168356
0.168356
0.209936
-1.67491
0.724414
0.462009
-0.356682
0.462661
0.168356
0.168356
-0.168356
0.168356
0.168356
-0.168356
-0.168356
0.168356
-0.168356
0.168356
-0.0353764
-0.367113
-1.06113
-0.776555
-0.216696
-0.206179
-0.531436
-0.817225
-0.690174
-0.120625
1.63479
-0.393287
-0.478772
-0.168356
0.168356
-0.168356
0.168356
0.168356
0.168356
-0.168356
-0.168356
-0.168356
-0.168356
-0.168356
0.168356
0.168356
-0.168356
-0.168356
-0.168356
-0.168356
-0.168356
-0.168356
-0.168356
0.168356
0.168356
-0.168356
0.168356
0.168356
-7.2952
0.168356
-0.168356
-0.168356
-0.168356
0.168356
0.168356
0.168356
0.168356
0.168356
-0.168356
0.168356
0.168356
0.168356
-0.168356
0.168356
0.168356
0.168356
-0.168356
0.168356
0.168356
-0.168356
-0.168356
0.168356
-0.168356
0.168356
-0.0353764
-0.367113
-1.06113
-0.776555
-0.216696
-0.206179
0.168356
0.168356
-0.168356
0.168356
0.168356
-0.168356
-0.168356
0.168356
-0.168356
0.168356
-0.303367
-0.803129
-0.147365
-1.18092
-0.232198
-0.31709
-0.186209
0.0638426
0.166684
-0.117681
0.617816
0.416115
0.283686
-0.168356
0.168356
-0.168356
0.168356
0.168356
0.168356
-0.168356
-0.168356
-0.168356
-0.168356
-0.168356
0.168356
0.168356
-0.168356
-0.168356
-0.168356
-0.168356
-0.168356
-0.168356
-0.168356
0.168356
0.168356
-0.168356
0.168356
0.168356
6.95848
0.168356
-0.168356
-0.168356
-0.168356
0.168356
0.168356
0.168356
0.168356
0.168356
-0.168356
0.168356
0.168356
0.168356
-0.168356
0.168356
0.168356
0.168356
-0.168356
0.168356
0.168356
-0.168356
-0.168356
0.168356
-0.168356
0.168356
-0.303367
-0.803129
-0.147365
-1.18092
-0.232198
-0.31709
0.168356
0.168356
-0.168356
0.168356
0.168356
-0.168356
-0.168356
0.168356
-0.168356
0.168356
0.83386
-0.82987
-0.789465
0.613131
-1.24203
0.418407
-0.499483
-0.231579
0.33532
-0.926115
0.39406
-0.620457
-0.10122
-0.168356
0.168356
-0.168356
0.168356
0.168356
0.168356
-0.168356
-0.168356
-0.168356
-0.168356
-0.168356
0.168356
0.168356
-0.168356
-0.168356
-0.168356
-0.168356
-0.168356
-0.168356
-0.168356
0.168356
0.168356
-0.168356
0.168356
0.168356
-7.2952
0.168356
-0.168356
-0.168356
-0.168356
0.168356
0.168356
0.168356
0.168356
0.168356
-0.168356
0.168356
0.168356
0.168356
-0.168356
0.168356
0.168356
0.168356
-0.168356
0.168356
0.168356
-0.168356
-0.168356
0.168356
-0.168356
0.168356
0.83386
-0.82987
-0.789465
0.613131
-1.24203
0.418407
